[CAR_bmw_z4_gt3]
DISTANCE_DRIVEN_KM=0.16841819595173002
DISTANCE_TIME_S=4.503000039141625
FUEL_BURNT_L=0.13668693816549116

[CAR_ks_lamborghini_huracan_performante]
DISTANCE_DRIVEN_KM=0
DISTANCE_TIME_S=0
FUEL_BURNT_L=0

[CAR_rss_gtm_mercer_v8]
DISTANCE_DRIVEN_KM=33.602201227288695
DISTANCE_TIME_S=746.9010064923204
FUEL_BURNT_L=20.74119757416146

